<?xml version="1.0" standalone="no"?>
<!DOCTYPE svg PUBLIC "-//W3C//DTD SVG 20010904//EN"
 "http://www.w3.org/TR/2001/REC-SVG-20010904/DTD/svg10.dtd">
<svg version="1.0" xmlns="http://www.w3.org/2000/svg"
 width="427.000000pt" height="519.000000pt" viewBox="0 0 427.000000 519.000000"
 preserveAspectRatio="xMidYMid meet">
<metadata>
Created by potrace 1.15, written by Peter Selinger 2001-2017
</metadata>
<g transform="translate(0.000000,519.000000) scale(0.100000,-0.100000)"
fill="#000000" stroke="none">
<path d="M2096 5172 c-12 -19 150 -254 270 -392 82 -95 203 -215 279 -278 22
-18 111 -81 198 -139 193 -130 270 -209 302 -311 l7 -23 -39 19 c-46 24 -84
63 -116 120 -14 24 -27 39 -31 34 -7 -11 9 -177 19 -204 5 -12 -3 -29 -24 -53
-44 -50 -59 -83 -82 -182 -64 -280 -79 -325 -136 -426 -72 -127 -183 -244
-311 -326 -82 -52 -242 -109 -371 -133 -176 -31 -507 -31 -646 0 -220 50 -324
40 -431 -43 -101 -79 -156 -100 -254 -100 -66 1 -96 6 -133 23 -99 44 -159
112 -188 210 -21 72 -32 49 -27 -55 8 -144 25 -179 191 -397 32 -42 67 -97 79
-124 11 -26 29 -66 39 -89 33 -73 80 -222 86 -271 6 -54 -24 -187 -57 -251
-43 -85 -138 -151 -218 -151 -21 0 -62 9 -92 20 -30 11 -60 20 -67 20 -10 0
-13 -24 -13 -87 -1 -227 -59 -453 -156 -604 -30 -46 -64 -104 -75 -128 -21
-43 -44 -179 -69 -399 -6 -57 -14 -110 -17 -118 -14 -36 31 -6 119 79 155 151
195 226 232 433 35 192 61 315 82 377 27 84 83 189 123 230 37 40 137 97 168
97 28 0 -49 -72 -124 -116 -36 -21 -67 -43 -69 -49 -3 -6 16 -48 41 -94 132
-239 204 -433 212 -571 5 -73 2 -95 -20 -160 -33 -97 -35 -109 -47 -337 -6
-105 -13 -199 -16 -207 -15 -38 15 -11 56 52 189 285 272 468 274 602 1 61 -2
70 -50 150 -62 104 -174 411 -174 476 0 7 23 15 55 19 121 15 259 68 368 143
84 57 196 162 224 210 25 43 26 45 14 126 -9 66 -9 91 3 128 45 151 187 237
349 209 88 -15 134 -36 276 -129 217 -142 385 -202 566 -202 108 0 194 20 295
68 125 59 191 76 269 68 87 -8 194 -38 283 -80 l72 -34 -38 -16 c-21 -9 -41
-16 -44 -16 -3 0 -36 -9 -73 -20 -73 -22 -121 -55 -145 -101 -21 -41 -91 -395
-81 -406 8 -8 218 133 286 192 29 25 56 44 58 41 2 -2 -12 -37 -32 -77 -46
-91 -133 -181 -208 -214 -97 -42 -116 -70 -252 -359 -30 -65 -53 -121 -51
-123 7 -7 171 73 255 124 156 95 252 184 330 308 24 39 54 86 66 105 12 19 32
53 45 75 74 130 179 284 243 358 l60 68 -42 35 c-23 20 -46 44 -51 55 -13 22
-3 43 74 162 62 94 136 227 136 243 0 24 -351 108 -500 119 -41 4 -84 8 -96
10 l-21 5 19 72 c39 156 34 344 -17 533 -71 268 -80 472 -24 564 24 40 60 56
180 76 70 12 108 24 149 49 102 62 97 61 240 61 183 1 210 20 210 145 0 47 -4
64 -20 80 -24 24 -20 23 -230 25 -261 2 -540 49 -655 109 -213 111 -323 396
-240 621 14 38 35 85 46 104 22 37 15 51 -28 51 -53 0 -96 -81 -124 -238 -10
-58 -19 -108 -19 -111 -1 -15 -22 31 -41 89 -19 55 -22 89 -23 219 -1 165 -6
181 -46 139 -56 -59 -79 -155 -61 -254 15 -81 56 -185 98 -246 48 -72 48 -72
32 -63 -93 56 -175 138 -223 223 -56 99 -69 157 -70 314 -1 157 -9 177 -52
137 -41 -37 -54 -80 -54 -172 0 -72 11 -140 35 -212 7 -19 6 -19 -12 1 -10 12
-56 70 -103 130 -149 192 -210 257 -275 299 -54 34 -101 50 -109 37z"/>
</g>
</svg>
<?xml version="1.0" standalone="no"?>
<!DOCTYPE svg PUBLIC "-//W3C//DTD SVG 20010904//EN"
 "http://www.w3.org/TR/2001/REC-SVG-20010904/DTD/svg10.dtd">
<svg version="1.0" xmlns="http://www.w3.org/2000/svg"
 width="564.000000pt" height="729.000000pt" viewBox="0 0 564.000000 729.000000"
 preserveAspectRatio="xMidYMid meet">
<metadata>
Created by potrace 1.15, written by Peter Selinger 2001-2017
</metadata>
<g transform="translate(0.000000,729.000000) scale(0.100000,-0.100000)"
fill="#000000" stroke="none">
<path d="M1958 6923 c-336 -244 -325 -238 -384 -222 -22 6 -45 16 -51 21 -16
13 -20 2 -28 -91 -6 -64 -13 -85 -61 -170 -41 -72 -73 -152 -128 -321 -41
-124 -80 -259 -87 -300 -7 -41 -12 -149 -12 -240 0 -197 2 -204 116 -357 83
-111 135 -155 291 -247 222 -130 326 -187 372 -203 27 -9 78 -35 113 -58 59
-40 278 -232 280 -246 2 -16 -60 -30 -105 -23 -40 5 -59 16 -104 58 -110 104
-242 174 -390 207 -91 20 -155 41 -201 64 -20 11 -35 12 -53 5 -30 -11 -32
-26 -11 -72 8 -18 24 -98 35 -177 34 -228 67 -297 195 -396 88 -69 198 -126
281 -146 27 -6 54 -13 61 -15 6 -1 14 -38 19 -91 6 -76 3 -106 -20 -218 -33
-162 -66 -484 -69 -675 -2 -133 17 -578 28 -642 3 -20 -5 -38 -36 -75 -73 -87
-87 -126 -100 -274 -14 -168 -6 -320 27 -474 39 -183 70 -269 129 -354 28 -42
68 -105 88 -139 20 -35 61 -94 91 -131 75 -94 96 -131 96 -168 0 -31 2 -33 38
-33 53 0 147 -26 203 -57 32 -17 78 -61 135 -127 108 -125 121 -136 163 -136
38 0 58 18 176 158 92 109 192 162 308 162 46 0 47 0 47 33 0 37 19 70 99 176
32 42 75 105 96 141 21 36 58 93 81 128 57 83 79 146 120 336 32 147 35 172
33 315 -2 196 -14 301 -38 350 -36 70 -98 137 -158 171 -88 49 -175 115 -221
164 -113 123 -241 508 -218 657 7 46 7 46 53 53 25 3 66 6 90 6 24 0 75 7 113
16 54 12 75 22 95 46 14 16 25 38 25 48 0 10 19 42 43 70 101 124 107 136 107
211 0 64 -2 70 -27 86 -41 26 -256 197 -315 252 l-52 48 10 59 9 58 76 31
c108 43 212 133 290 252 72 109 111 203 138 340 27 133 27 149 -3 157 -96 24
-433 -122 -551 -238 -34 -34 -72 -80 -84 -103 -14 -29 -28 -43 -41 -43 -27 0
-25 14 12 86 34 66 76 98 223 172 33 17 96 51 139 76 44 25 109 55 145 67 113
37 313 130 381 177 95 66 206 186 229 247 31 82 44 186 32 247 -20 100 -74
229 -114 274 -41 47 -57 87 -57 145 0 81 -104 365 -152 417 -44 46 -50 13 -17
-94 28 -88 40 -204 22 -204 -7 0 -13 4 -13 9 0 13 -80 111 -91 111 -5 0 -9
-26 -9 -58 0 -44 7 -71 26 -108 152 -284 159 -309 152 -524 -3 -102 -7 -132
-23 -159 -28 -47 -50 -60 -71 -40 -12 13 -17 42 -20 120 -5 154 -15 194 -126
544 -73 232 -95 293 -148 415 -40 91 -101 173 -117 157 -4 -4 14 -92 40 -196
26 -104 58 -244 72 -312 13 -68 35 -158 49 -199 71 -211 100 -406 81 -556 -7
-56 -10 -62 -75 -127 -57 -57 -73 -68 -97 -65 -50 6 -65 55 -71 239 -4 145 -6
159 -23 159 -10 0 -21 -4 -24 -10 -24 -39 -63 29 -155 271 -49 128 -125 288
-155 324 l-16 20 5 -20 c3 -11 19 -82 36 -158 40 -182 94 -371 136 -479 62
-159 92 -359 65 -431 -17 -44 -195 -148 -299 -177 -79 -21 -84 -10 -122 265
-31 221 -58 314 -96 329 -9 4 -19 5 -21 2 -2 -2 7 -120 21 -262 13 -143 27
-332 31 -421 l6 -163 -32 -19 c-30 -18 -45 -19 -193 -14 -111 4 -171 10 -193
20 -45 21 -148 133 -172 188 -18 41 -19 53 -9 138 13 119 5 630 -12 674 -13
36 -34 48 -49 29 -6 -7 -15 -100 -21 -207 -18 -342 -20 -355 -86 -426 -54 -57
-92 -63 -186 -28 -218 82 -499 273 -599 409 -26 35 -29 47 -29 112 0 69 2 75
38 117 20 24 54 57 75 73 22 16 71 57 110 91 83 71 235 165 363 223 83 38 287
136 414 199 253 126 439 252 455 310 7 23 6 24 -31 18 -22 -4 -77 -23 -124
-43 -47 -20 -170 -65 -274 -101 -104 -35 -233 -82 -285 -104 -170 -71 -433
-170 -441 -167 -5 2 14 62 42 133 39 100 52 147 56 203 2 39 1 72 -4 72 -15
-1 -57 -68 -184 -295 -141 -252 -159 -280 -171 -268 -26 26 67 285 143 399 28
42 124 150 219 247 128 130 181 192 219 255 59 99 48 107 -52 35z"/>
</g>
</svg>
